Position: <Vector3r> {   'x_val': 5.0952534675598145,
    'y_val': 62.68955993652344,
    'z_val': -81.29849243164062}
