Position: <Vector3r> {   'x_val': 5.053969860076904,
    'y_val': 33.22881317138672,
    'z_val': -81.14451599121094}
