Position: <Vector3r> {   'x_val': 5.017565727233887,
    'y_val': 4.720634937286377,
    'z_val': -80.98434448242188}
