Position: <Vector3r> {   'x_val': 5.0753278732299805,
    'y_val': 49.754756927490234,
    'z_val': -81.22550964355469}
