Position: <Vector3r> {   'x_val': 5.074546813964844,
    'y_val': 49.194854736328125,
    'z_val': -81.22228240966797}
