Position: <Vector3r> {   'x_val': 5.034174919128418,
    'y_val': 17.722299575805664,
    'z_val': -81.05374908447266}
