Position: <Vector3r> {   'x_val': 5.027554035186768,
    'y_val': 12.517704963684082,
    'z_val': -81.02259826660156}
