Position: <Vector3r> {   'x_val': 5.086284637451172,
    'y_val': 59.32966613769531,
    'z_val': -81.29065704345703}
