Position: <Vector3r> {   'x_val': 5.058379173278809,
    'y_val': 36.63178253173828,
    'z_val': -81.1539077758789}
