Position: <Vector3r> {   'x_val': 5.039396286010742,
    'y_val': 21.77094078063965,
    'z_val': -81.08079528808594}
