Position: <Vector3r> {   'x_val': 5.090227127075195,
    'y_val': 61.00243377685547,
    'z_val': -81.2942123413086}
