Position: <Vector3r> {   'x_val': 5.065608978271484,
    'y_val': 42.360504150390625,
    'z_val': -81.18578338623047}
