Position: <Vector3r> {   'x_val': 5.000654220581055,
    'y_val': -8.567719459533691,
    'z_val': -80.90776062011719}
