Position: <Vector3r> {   'x_val': 5.008706569671631,
    'y_val': -2.2275800704956055,
    'z_val': -80.93927764892578}
