Position: <Vector3r> {   'x_val': 5.096858501434326,
    'y_val': 63.25672149658203,
    'z_val': -81.30030059814453}
