Position: <Vector3r> {   'x_val': 5.0313029289245605,
    'y_val': 15.446386337280273,
    'z_val': -81.04838562011719}
