Position: <Vector3r> {   'x_val': 5.081821918487549,
    'y_val': 55.45468521118164,
    'z_val': -81.25746154785156}
