Position: <Vector3r> {   'x_val': 5.067058563232422,
    'y_val': 43.50917434692383,
    'z_val': -81.19123840332031}
