Position: <Vector3r> {   'x_val': 5.107411861419678,
    'y_val': 73.35417938232422,
    'z_val': -81.3701171875}
