Position: <Vector3r> {   'x_val': 5.025353908538818,
    'y_val': 10.823049545288086,
    'z_val': -81.01785278320312}
