Position: <Vector3r> {   'x_val': 5.037165641784668,
    'y_val': 20.026512145996094,
    'z_val': -81.07518005371094}
