Position: <Vector3r> {   'x_val': 5.028316974639893,
    'y_val': 13.092061042785645,
    'z_val': -81.02487182617188}
