Position: <Vector3r> {   'x_val': 4.999076843261719,
    'y_val': -9.759489059448242,
    'z_val': -80.90348052978516}
