Position: <Vector3r> {   'x_val': 5.016851902008057,
    'y_val': 4.174902439117432,
    'z_val': -80.98318481445312}
