Position: <Vector3r> {   'x_val': 5.0569658279418945,
    'y_val': 35.511817932128906,
    'z_val': -81.14991760253906}
