Position: <Vector3r> {   'x_val': 5.023306369781494,
    'y_val': 9.200336456298828,
    'z_val': -81.014404296875}
