Position: <Vector3r> {   'x_val': 5.088794708251953,
    'y_val': 60.4639892578125,
    'z_val': -81.2930679321289}
