Position: <Vector3r> {   'x_val': 5.076956272125244,
    'y_val': 50.93907165527344,
    'z_val': -81.24392700195312}
