Position: <Vector3r> {   'x_val': 5.066333770751953,
    'y_val': 42.934844970703125,
    'z_val': -81.18821716308594}
