Position: <Vector3r> {   'x_val': 5.0445332527160645,
    'y_val': 25.841188430786133,
    'z_val': -81.10826873779297}
