Position: <Vector3r> {   'x_val': 5.012439727783203,
    'y_val': 0.6790492534637451,
    'z_val': -80.96728515625}
