Position: <Vector3r> {   'x_val': 5.013200759887695,
    'y_val': 1.2819067239761353,
    'z_val': -80.96920776367188}
