Position: <Vector3r> {   'x_val': 5.015411376953125,
    'y_val': 3.0332882404327393,
    'z_val': -80.98075866699219}
