Position: <Vector3r> {   'x_val': 5.093604564666748,
    'y_val': 62.14393615722656,
    'z_val': -81.2967529296875}
