Position: <Vector3r> {   'x_val': 5.0906548500061035,
    'y_val': 68.23098754882812,
    'z_val': -81.32970428466797}
