Position: <Vector3r> {   'x_val': 5.051066875457764,
    'y_val': 30.93177032470703,
    'z_val': -81.12225341796875}
