Position: <Vector3r> {   'x_val': 5.04301118850708,
    'y_val': 24.63542938232422,
    'z_val': -81.08940124511719}
