Position: <Vector3r> {   'x_val': 5.056191921234131,
    'y_val': 34.901580810546875,
    'z_val': -81.1480712890625}
