Position: <Vector3r> {   'x_val': 5.034990310668945,
    'y_val': 18.368432998657227,
    'z_val': -81.0558090209961}
