Position: <Vector3r> {   'x_val': 5.082756996154785,
    'y_val': 56.58123016357422,
    'z_val': -81.27591705322266}
