Position: <Vector3r> {   'x_val': 5.09596586227417,
    'y_val': 67.14054870605469,
    'z_val': -81.32738494873047}
