Position: <Vector3r> {   'x_val': 5.082488536834717,
    'y_val': 71.42094421386719,
    'z_val': -81.35011291503906}
