Position: <Vector3r> {   'x_val': 5.021204471588135,
    'y_val': 7.535094261169434,
    'z_val': -80.99406433105469}
