Position: <Vector3r> {   'x_val': 5.051782608032227,
    'y_val': 31.498781204223633,
    'z_val': -81.12709045410156}
