Position: <Vector3r> {   'x_val': 5.084768295288086,
    'y_val': 69.32766723632812,
    'z_val': -81.33293914794922}
