Position: <Vector3r> {   'x_val': 5.022590637207031,
    'y_val': 8.633208274841309,
    'z_val': -81.01319885253906}
