Position: <Vector3r> {   'x_val': 5.080987930297852,
    'y_val': 70.88642120361328,
    'z_val': -81.35124969482422}
