Position: <Vector3r> {   'x_val': 5.084510326385498,
    'y_val': 58.22440719604492,
    'z_val': -81.28070068359375}
