Position: <Vector3r> {   'x_val': 5.080324172973633,
    'y_val': 53.78205871582031,
    'z_val': -81.25065612792969}
