Position: <Vector3r> {   'x_val': 5.010229110717773,
    'y_val': -1.0719486474990845,
    'z_val': -80.9454574584961}
