Position: <Vector3r> {   'x_val': 5.076138973236084,
    'y_val': 50.33601379394531,
    'z_val': -81.24264526367188}
