Position: <Vector3r> {   'x_val': 5.069223880767822,
    'y_val': 45.22472381591797,
    'z_val': -81.21109008789062}
