Position: <Vector3r> {   'x_val': 5.013889312744141,
    'y_val': 1.8273593187332153,
    'z_val': -80.9720230102539}
