Position: <Vector3r> {   'x_val': 5.068471908569336,
    'y_val': 44.62884521484375,
    'z_val': -81.20982360839844}
