Position: <Vector3r> {   'x_val': 5.059883117675781,
    'y_val': 37.82326889038086,
    'z_val': -81.16924285888672}
