Position: <Vector3r> {   'x_val': 5.007857799530029,
    'y_val': -2.8666224479675293,
    'z_val': -80.93687438964844}
