Position: <Vector3r> {   'x_val': 5.033468246459961,
    'y_val': 17.162317276000977,
    'z_val': -81.05203247070312}
