Position: <Vector3r> {   'x_val': 5.0474700927734375,
    'y_val': 28.081226348876953,
    'z_val': -81.11302947998047}
