Position: <Vector3r> {   'x_val': 5.021911144256592,
    'y_val': 8.094892501831055,
    'z_val': -81.0049057006836}
