Position: <Vector3r> {   'x_val': 5.097960472106934,
    'y_val': 66.56620788574219,
    'z_val': -81.32616424560547}
