Position: <Vector3r> {   'x_val': 5.026819705963135,
    'y_val': 11.964828491210938,
    'z_val': -81.02083587646484}
