Position: <Vector3r> {   'x_val': 5.029037952423096,
    'y_val': 13.651955604553223,
    'z_val': -81.0274887084961}
