Position: <Vector3r> {   'x_val': 5.009469509124756,
    'y_val': -1.6532851457595825,
    'z_val': -80.9418716430664}
