Position: <Vector3r> {   'x_val': 5.016108989715576,
    'y_val': 3.5861215591430664,
    'z_val': -80.98193359375}
