Position: <Vector3r> {   'x_val': 5.048829078674316,
    'y_val': 29.158401489257812,
    'z_val': -81.11563110351562}
