Position: <Vector3r> {   'x_val': 5.032680034637451,
    'y_val': 16.537633895874023,
    'z_val': -81.05070495605469}
