Position: <Vector3r> {   'x_val': 5.063461780548096,
    'y_val': 40.659019470214844,
    'z_val': -81.18085479736328}
