Position: <Vector3r> {   'x_val': 5.052507400512695,
    'y_val': 32.07295227050781,
    'z_val': -81.14205932617188}
