Position: <Vector3r> {   'x_val': 5.050323963165283,
    'y_val': 30.343120574951172,
    'z_val': -81.11965942382812}
