Position: <Vector3r> {   'x_val': 5.098193168640137,
    'y_val': 63.802345275878906,
    'z_val': -81.30259704589844}
