Position: <Vector3r> {   'x_val': 5.040818691253662,
    'y_val': 22.89808464050293,
    'z_val': -81.08325958251953}
