Position: <Vector3r> {   'x_val': 5.057672500610352,
    'y_val': 36.071800231933594,
    'z_val': -81.15170288085938}
