Position: <Vector3r> {   'x_val': 5.011751174926758,
    'y_val': 0.13361407816410065,
    'z_val': -80.96571350097656}
