Position: <Vector3r> {   'x_val': 5.003634929656982,
    'y_val': -6.206014156341553,
    'z_val': -80.92877197265625}
