Position: <Vector3r> {   'x_val': 5.026060581207275,
    'y_val': 11.383180618286133,
    'z_val': -81.01904296875}
