Position: <Vector3r> {   'x_val': 5.023985862731934,
    'y_val': 9.738804817199707,
    'z_val': -81.01554870605469}
