Position: <Vector3r> {   'x_val': 5.024692535400391,
    'y_val': 10.298861503601074,
    'z_val': -81.01673889160156}
