Position: <Vector3r> {   'x_val': 5.005057334899902,
    'y_val': -5.078600883483887,
    'z_val': -80.93116760253906}
