Position: <Vector3r> {   'x_val': 4.9975409507751465,
    'y_val': -10.94422435760498,
    'z_val': -80.90042877197266}
