Position: <Vector3r> {   'x_val': 5.082403659820557,
    'y_val': 69.88602447509766,
    'z_val': -81.33625030517578}
