Position: <Vector3r> {   'x_val': 5.049590110778809,
    'y_val': 29.761600494384766,
    'z_val': -81.1175537109375}
