Position: <Vector3r> {   'x_val': 5.005764007568359,
    'y_val': -4.518426895141602,
    'z_val': -80.93235778808594}
