Position: <Vector3r> {   'x_val': 5.064911365509033,
    'y_val': 41.807701110839844,
    'z_val': -81.18402099609375}
