Position: <Vector3r> {   'x_val': 5.072141170501709,
    'y_val': 47.45747375488281,
    'z_val': -81.21602630615234}
