Position: <Vector3r> {   'x_val': 5.0205159187316895,
    'y_val': 6.989568710327148,
    'z_val': -80.99146270751953}
