Position: <Vector3r> {   'x_val': 5.0729146003723145,
    'y_val': 48.024635314941406,
    'z_val': -81.21783447265625}
