Position: <Vector3r> {   'x_val': 5.046037197113037,
    'y_val': 26.975460052490234,
    'z_val': -81.11067962646484}
