Position: <Vector3r> {   'x_val': 5.045274257659912,
    'y_val': 26.401119232177734,
    'z_val': -81.10945892333984}
