Position: <Vector3r> {   'x_val': 5.019082069396973,
    'y_val': 5.862364768981934,
    'z_val': -80.98738098144531}
