Position: <Vector3r> {   'x_val': 5.083251953125,
    'y_val': 57.119388580322266,
    'z_val': -81.27711486816406}
