Position: <Vector3r> {   'x_val': 5.055428981781006,
    'y_val': 34.327239990234375,
    'z_val': -81.1468505859375}
