Position: <Vector3r> {   'x_val': 5.098934650421143,
    'y_val': 72.92098999023438,
    'z_val': -81.35303497314453}
