Position: <Vector3r> {   'x_val': 5.040093898773193,
    'y_val': 22.32374382019043,
    'z_val': -81.08197021484375}
