Position: <Vector3r> {   'x_val': 5.099770545959473,
    'y_val': 64.88629150390625,
    'z_val': -81.32014465332031}
