Position: <Vector3r> {   'x_val': 5.053259372711182,
    'y_val': 32.66883087158203,
    'z_val': -81.14332580566406}
