Position: <Vector3r> {   'x_val': 5.070662975311279,
    'y_val': 46.344688415527344,
    'z_val': -81.21347045898438}
