Position: <Vector3r> {   'x_val': 5.064204692840576,
    'y_val': 41.247718811035156,
    'z_val': -81.18223571777344}
