Position: <Vector3r> {   'x_val': 5.059122085571289,
    'y_val': 37.220481872558594,
    'z_val': -81.15666961669922}
