Position: <Vector3r> {   'x_val': 5.07846736907959,
    'y_val': 52.109291076660156,
    'z_val': -81.24641418457031}
