Position: <Vector3r> {   'x_val': 5.073715686798096,
    'y_val': 48.598976135253906,
    'z_val': -81.2197494506836}
