Position: <Vector3r> {   'x_val': 5.099185466766357,
    'y_val': 64.33361053466797,
    'z_val': -81.30523681640625}
