Position: <Vector3r> {   'x_val': 5.080878734588623,
    'y_val': 54.36357879638672,
    'z_val': -81.25251007080078}
