Position: <Vector3r> {   'x_val': 5.067756175994873,
    'y_val': 44.061683654785156,
    'z_val': -81.20857238769531}
