Position: <Vector3r> {   'x_val': 5.0619940757751465,
    'y_val': 39.49597930908203,
    'z_val': -81.17838287353516}
