Position: <Vector3r> {   'x_val': 5.08137845993042,
    'y_val': 54.93074035644531,
    'z_val': -81.2549057006836}
