Position: <Vector3r> {   'x_val': 5.006515979766846,
    'y_val': -3.9223134517669678,
    'z_val': -80.93362426757812}
