Position: <Vector3r> {   'x_val': 5.091865539550781,
    'y_val': 61.56959533691406,
    'z_val': -81.29541778564453}
