Position: <Vector3r> {   'x_val': 5.087457180023193,
    'y_val': 68.81185913085938,
    'z_val': -81.33129119873047}
