Position: <Vector3r> {   'x_val': 5.007222652435303,
    'y_val': -3.3621318340301514,
    'z_val': -80.93529510498047}
