Position: <Vector3r> {   'x_val': 5.08225679397583,
    'y_val': 56.00001907348633,
    'z_val': -81.2638931274414}
