Position: <Vector3r> {   'x_val': 5.048104286193848,
    'y_val': 28.583908081054688,
    'z_val': -81.11409759521484}
