Position: <Vector3r> {   'x_val': 5.093505382537842,
    'y_val': 67.68594360351562,
    'z_val': -81.32854461669922}
