Position: <Vector3r> {   'x_val': 5.079115867614746,
    'y_val': 52.65491485595703,
    'z_val': -81.24757385253906}
