Position: <Vector3r> {   'x_val': 5.071425914764404,
    'y_val': 46.919029235839844,
    'z_val': -81.21469116210938}
