Position: <Vector3r> {   'x_val': 5.036469459533691,
    'y_val': 19.50259780883789,
    'z_val': -81.0609359741211}
