Position: <Vector3r> {   'x_val': 5.002892017364502,
    'y_val': -6.794754505157471,
    'z_val': -80.92752075195312}
