Position: <Vector3r> {   'x_val': 5.030587196350098,
    'y_val': 14.87926959991455,
    'z_val': -81.04718017578125}
