Position: <Vector3r> {   'x_val': 5.041525363922119,
    'y_val': 23.458066940307617,
    'z_val': -81.08504486083984}
