Position: <Vector3r> {   'x_val': 5.05478048324585,
    'y_val': 33.83905029296875,
    'z_val': -81.14581298828125}
