Position: <Vector3r> {   'x_val': 5.011017322540283,
    'y_val': -0.4476844072341919,
    'z_val': -80.9644775390625}
