Position: <Vector3r> {   'x_val': 5.001397132873535,
    'y_val': -7.979121685028076,
    'z_val': -80.91075897216797}
