Position: <Vector3r> {   'x_val': 5.004377841949463,
    'y_val': -5.61720085144043,
    'z_val': -80.93002319335938}
