Position: <Vector3r> {   'x_val': 5.046790599822998,
    'y_val': 27.542638778686523,
    'z_val': -81.11188507080078}
