Position: <Vector3r> {   'x_val': 5.081121921539307,
    'y_val': 70.40081787109375,
    'z_val': -81.35186004638672}
