Position: <Vector3r> {   'x_val': 5.002185344696045,
    'y_val': -7.354700565338135,
    'z_val': -80.92670440673828}
