Position: <Vector3r> {   'x_val': 5.099808216094971,
    'y_val': 65.46778106689453,
    'z_val': -81.3238296508789}
