Position: <Vector3r> {   'x_val': 5.0612874031066895,
    'y_val': 38.935997009277344,
    'z_val': -81.17719268798828}
