Position: <Vector3r> {   'x_val': 5.0357160568237305,
    'y_val': 18.93558692932129,
    'z_val': -81.05812072753906}
