Position: <Vector3r> {   'x_val': 5.043772220611572,
    'y_val': 25.238327026367188,
    'z_val': -81.09291076660156}
