Position: <Vector3r> {   'x_val': 5.087480545043945,
    'y_val': 59.91118621826172,
    'z_val': -81.2918930053711}
