Position: <Vector3r> {   'x_val': 5.0298171043396,
    'y_val': 14.26917839050293,
    'z_val': -81.03823852539062}
