Position: <Vector3r> {   'x_val': 5.069930553436279,
    'y_val': 45.784706115722656,
    'z_val': -81.2122802734375}
