Position: <Vector3r> {   'x_val': 5.085297584533691,
    'y_val': 58.76256561279297,
    'z_val': -81.28561401367188}
