Position: <Vector3r> {   'x_val': 5.09918212890625,
    'y_val': 66.03494262695312,
    'z_val': -81.32503509521484}
