Position: <Vector3r> {   'x_val': 5.062727928161621,
    'y_val': 40.07749938964844,
    'z_val': -81.17961883544922}
