Position: <Vector3r> {   'x_val': 5.085827350616455,
    'y_val': 71.91838073730469,
    'z_val': -81.35710144042969}
