Position: <Vector3r> {   'x_val': 5.018319129943848,
    'y_val': 5.287909507751465,
    'z_val': -80.98554992675781}
