Position: <Vector3r> {   'x_val': 5.091394901275635,
    'y_val': 72.42808532714844,
    'z_val': -81.35823822021484}
