Position: <Vector3r> {   'x_val': 5.01467752456665,
    'y_val': 2.4518041610717773,
    'z_val': -80.97952270507812}
