Position: <Vector3r> {   'x_val': 5.06060791015625,
    'y_val': 38.397552490234375,
    'z_val': -81.1760482788086}
