Position: <Vector3r> {   'x_val': 4.998266220092773,
    'y_val': -10.369807243347168,
    'z_val': -80.90164947509766}
