Position: <Vector3r> {   'x_val': 5.019809246063232,
    'y_val': 6.429593563079834,
    'z_val': -80.98918914794922}
