Position: <Vector3r> {   'x_val': 5.077762126922607,
    'y_val': 51.54930877685547,
    'z_val': -81.24522399902344}
