Position: <Vector3r> {   'x_val': 5.037910461425781,
    'y_val': 20.593542098999023,
    'z_val': -81.07829284667969}
