Position: <Vector3r> {   'x_val': 5.079753875732422,
    'y_val': 53.22925567626953,
    'z_val': -81.24889373779297}
