Position: <Vector3r> {   'x_val': 5.0422773361206055,
    'y_val': 24.053945541381836,
    'z_val': -81.08694458007812}
