Position: <Vector3r> {   'x_val': 5.038644313812256,
    'y_val': 21.17506217956543,
    'z_val': -81.07952880859375}
