Position: <Vector3r> {   'x_val': 4.999887466430664,
    'y_val': -9.149213790893555,
    'z_val': -80.90542602539062}
