Position: <Vector3r> {   'x_val': 5.083823204040527,
    'y_val': 57.66472244262695,
    'z_val': -81.27885437011719}
