Position: <Vector3r> {   'x_val': 5.032036781311035,
    'y_val': 16.02790641784668,
    'z_val': -81.04962158203125}
